30

0
1
2
3
4
5
6
7
8
9
10
11
12
13
14
15
16
17
18
19
20
21
22
23
24
25
26
27
28
29

2
2
2
2
2
2
2
2
2
2
2
2
2
2
2
2
2
2
2
2
2
2
2
2
2
2
2
2
2
2

-0.75 -1.5 0
0.75 -1.5 0
0.75 0 0
-0.75 0 0
-0.75 -3.45 0
0.75 -3.45 0
0.75 -1.95 0
-0.75 -1.95 0
-0.75 -5.4 0
0.75 -5.4 0
0.75 -3.9 0
-0.75 -3.9 0
-0.75 -7.35 0
0.75 -7.35 0
0.75 -5.85 0
-0.75 -5.85 0
-0.75 -9.299999 0
0.75 -9.299999 0
0.75 -7.8 0
-0.75 -7.8 0
-0.75 -11.25 0
0.75 -11.25 0
0.75 -9.75 0
-0.75 -9.75 0
-0.75 -13.2 0
0.75 -13.2 0
0.75 -11.7 0
-0.75 -11.7 0
-0.75 -15.15 0
0.75 -15.15 0
0.75 -13.65 0
-0.75 -13.65 0
-0.75 -17.1 0
0.75 -17.1 0
0.75 -15.6 0
-0.75 -15.6 0
-0.75 -19.05 0
0.75 -19.05 0
0.75 -17.55 0
-0.75 -17.55 0
-0.75 -21 0
0.75 -21 0
0.75 -19.5 0
-0.75 -19.5 0
-0.75 -22.95 0
0.75 -22.95 0
0.75 -21.45 0
-0.75 -21.45 0
-0.75 -24.9 0
0.75 -24.9 0
0.75 -23.4 0
-0.75 -23.4 0
-0.75 -26.85 0
0.75 -26.85 0
0.75 -25.35 0
-0.75 -25.35 0
-0.75 -28.8 0
0.75 -28.8 0
0.75 -27.3 0
-0.75 -27.3 0
-0.75 -30.75 0
0.75 -30.75 0
0.75 -29.25 0
-0.75 -29.25 0
-0.75 -32.7 0
0.75 -32.7 0
0.75 -31.2 0
-0.75 -31.2 0
-0.75 -34.65 0
0.75 -34.65 0
0.75 -33.15 0
-0.75 -33.15 0
-0.75 -36.6 0
0.75 -36.6 0
0.75 -35.1 0
-0.75 -35.1 0
-0.75 -38.55 0
0.75 -38.55 0
0.75 -37.05 0
-0.75 -37.05 0
-0.75 -40.5 0
0.75 -40.5 0
0.75 -39 0
-0.75 -39 0
-0.75 -42.45 0
0.75 -42.45 0
0.75 -40.95 0
-0.75 -40.95 0
-0.75 -44.4 0
0.75 -44.4 0
0.75 -42.9 0
-0.75 -42.9 0
-0.75 -46.35 0
0.75 -46.35 0
0.75 -44.85 0
-0.75 -44.85 0
-0.75 -48.3 0
0.75 -48.3 0
0.75 -46.8 0
-0.75 -46.8 0
-0.75 -50.25 0
0.75 -50.25 0
0.75 -48.75 0
-0.75 -48.75 0
-0.75 -52.2 0
0.75 -52.2 0
0.75 -50.7 0
-0.75 -50.7 0
-0.75 -54.15 0
0.75 -54.15 0
0.75 -52.65 0
-0.75 -52.65 0
-0.75 -56.1 0
0.75 -56.1 0
0.75 -54.6 0
-0.75 -54.6 0
-0.75 -58.05 0
0.75 -58.05 0
0.75 -56.55 0
-0.75 -56.55 0


